16.74
25.96
-3.79
22.4
-34.63
-23.32
18.23
4.66
35.8
-19.76
22.3
3.37
-5.23
8.96
7.05
-27.67
28.61
-1.85
38.21
8.08
-42.06
3.72
-8.39
-17.05
17.59
-1.63
4.15
24.66
-21.02
1.21
-1.36
41.8
-33.63
-11.82
-2.42
-24.22
10.43
-32.73
-27.73
20.49
-8.15
-25.84
17.48
11.88
-15.99
-0.07
36.06
-0.62
-10.18
4.55
46.18
-3.92
-49.37
-32.84
-10.25
-13.49
-5.79
-21.36
14.48
-26.75
-23.28
22.95
78.41
25.28
-8.15
-8.26
5.96
3.2
-41.54
30.57
35.49
9.12
-1.49
23.47
14.51
34.11
7.74
-0.99
19.28
1.54
-4.34
26.48
13
1.2
-11.84
-17.55
4.37
0.38
-3.61
25.41
10.26
-4.96
15.08
-8.79
3.52
5.27
39.56
17.56
33.36
1.21
24.37
16.69
-3.48
-1.34
-5.24
31.4
17.49
-3.93
-22.36
6.19
18.35
-11.27
-22.65
-8.36
-20.23
0.95
3.27
-27.42
-10.28
21.18
-21.22
2.11
-9.86
28.77
8.86
7.12
-11.29
26.04
-7.03
-32.73
9.72
5.5
19.06
17.23
21.68
10.55
-14.52
1.44
-26.16
-26.83
-4.89
2.24
-21.12
-35.74
-19.21
-17.1
-23.46
26.91
-16.86
-3.76
-0.05
41.74
-17.33
18.36
-9.04
-28.15
-11.08
2.98
-43.84
15.82
-33.13
26.12
16.4
18.91
10.13
42.54
-18.32
17.75
18.52
-6.53
0.06
6.69
-3.81
11.46
8.71
8.62
12.99
-13.58
-42.5
7.86
-1.94
-6.01
-17.17
26.36
-3.35
35.45
-19.35
7.24
-17.26
38.36
-18.66
-6.51
3.13
-9.78
-10.31
0.25
-20.73
27.35
1.09
-11.57
-7.55
1.75
-34.02
8.48
2.66
33.4
3.34
4.87
-13.74
30.56
-37.98
-14.9
-15.02
44.85
60.08
7.17
-23.97
29.53
15.14
-13.3
30.35
-2.24
4.51
-4.35
26.98
23.47
13.31
55.99
-25.73
-19.29
5.87
-27.55
-15.23
1.81
12.62
-28.38
24.65
-34.87
-35.16
-11.3
-39.5
32.29
-32.72
-2.03
-4.91
-19.84
5.73
-9.91
8.45
-8.88
3.05
28.13
14.72
18.84
-0.56
-21.63
-23.38
19.48
30.34
4.7
-19.05
46.23
-6.06
-9.95
-0.87
-9.16
-0.13
19.7
-37.23
-9.04
-5.67
-1.69
-4.64
-48.16
13.29
12.07
-6.34
-44.31
-10.29
-70.99
-1.18
9.97
33.68
-35.77
6.98
29.02
-10.16
-15.14
19.43
3.9
9.48
17.48
-0.44
9.31
5.32
29.94
-4.2
27.64
-14.37
12.91
